100.0 0.0
99.99691576447897 0.7853900888711334
99.98766324816606 1.5707317311820674
99.97224302180005 2.355976483361015
99.95065603657316 3.141075907812829
99.92290362407229 3.925981575906861
99.888987496197 4.710645070964266
99.84890974505379 5.495017991244574
99.80267284282715 6.279051952931337
99.750279641627 7.062698593116668
99.6917333733128 7.845909572784494
99.62703764929412 8.628636579792337
99.556196460308 9.410831331851432
99.47921417617265 10.192445579505003
99.39609554551797 10.973431109104528
99.30684569549263 11.753739745783763
99.21147013144778 12.533323356430426
99.10997473659748 13.312133852655236
99.00236577165575 14.090123193758266
98.88864987445046 14.867243389692298
98.76883405951378 15.643446504023087
98.64292571764955 16.418684656886295
98.51093261547739 17.192910027940954
98.3728628949536 17.96607485931925
98.22872507286887 18.73813145857246
98.07852804032305 19.509032201612825
97.92228106217658 20.278729535651248
97.75999377647906 21.047175982130565
97.59167619387475 21.814324139654254
97.41733869698493 22.580126686910372
97.23699203976766 23.344536385590537
97.05064734685425 24.10750608330386
96.85831611286311 24.86898871648548
96.66001020169072 25.628937313299666
96.45574184577981 26.387304996537292
96.24552364536473 27.144044986507428
96.0293685676943 27.899110603922928
95.80728994623192 28.652455272779832
95.579301479833 29.404032523230395
95.34541723190011 30.153795994449567
95.10565162951535 30.901699437494738
94.86001946255045 31.647696718158606
94.60853588275452 32.39174181981494
94.35121640281936 33.1337888462571
94.08807689542255 33.87379202452914
93.81913359224842 34.611705707749294
93.54440308298673 35.34748437792571
93.2639023143094 36.08108264876418
92.97764858882515 36.812455268467794
92.68565956401208 37.54155712252831
92.38795325112868 38.268343236508976
92.08454801410262 38.99276877881883
91.77546256839811 39.714789063478065
91.46071597986136 40.4343595528745
91.14032766354453 41.15143586051088
90.81431738250812 41.86597375374281
90.48270524660195 42.57792915650727
90.14551171122457 43.28725815204139
89.80275757606157 43.99391698559151
89.45446398380251 44.69786206711211
89.10065241883679 45.399049973954675
88.74134470592833 46.097437453546235
88.37656300886934 46.79298142605733
88.0063298291132 47.48563898705946
87.63066800438637 48.17536741017153
87.24960070727971 48.86212414969549
86.86315144381912 49.54586684324076
86.47134405201551 50.22655331433725
86.07420270039437 50.90414157503713
85.67175188650496 51.578589828504754
85.26401643540923 52.24985647159488
84.85102149815036 52.91790009741907
84.43279255020151 53.58267949789967
84.0093553898942 54.24415366631187
83.58073613682703 54.90228179981318
83.14696123025452 55.557023301960214
82.70805742745618 56.20833778521306
82.26405180208599 56.85618507342639
81.81497174250235 57.50052520432786
81.3608449500787 58.14131843198306
80.90169943749474 58.778525229247315
80.43756352700845 59.412106290203845
79.96846584870906 60.04202253258839
79.494435338751 60.66823510019997
79.01550123756904 61.29070536529765
78.53169308807449 61.909394930983396
78.04304073383298 62.52426563357051
77.54957431722346 63.13527954493776
77.05132427757893 63.74239897486896
76.54832134930881 64.34558647337789
76.0405965600031 64.94480483301837
75.52818122851836 65.54001709117938
75.01110696304596 66.13118653236518
74.48940565916222 66.71827669045996
73.96310949786097 67.30125135097734
73.43225094356856 67.88007455329416
72.89686274214115 68.45471059286886
72.35697791884493 69.02512402344372
71.81262977631889 69.59127965923143
71.26385189252053 70.15314257708557
70.71067811865476 70.71067811865476
70.15314257708557 71.26385189252053
69.59127965923143 71.81262977631889
69.02512402344372 72.35697791884493
68.45471059286886 72.89686274214115
67.88007455329418 73.43225094356856
67.30125135097734 73.96310949786097
66.71827669045996 74.4894056591622
66.13118653236519 75.01110696304595
65.54001709117941 75.52818122851835
64.94480483301837 76.0405965600031
64.34558647337789 76.54832134930881
63.742398974868976 77.05132427757893
63.135279544937774 77.54957431722345
62.52426563357052 78.04304073383297
61.909394930983396 78.53169308807449
61.29070536529765 79.01550123756904
60.66823510019997 79.494435338751
60.04202253258841 79.96846584870904
59.41210629020386 80.43756352700844
58.77852522924732 80.90169943749473
58.14131843198306 81.3608449500787
57.50052520432786 81.81497174250234
56.8561850734264 82.26405180208599
56.20833778521307 82.70805742745618
55.55702330196024 83.14696123025452
54.90228179981317 83.58073613682703
54.24415366631188 84.0093553898942
53.582679497899655 84.43279255020151
52.91790009741906 84.85102149815037
52.24985647159489 85.26401643540922
51.578589828504754 85.67175188650495
50.90414157503712 86.07420270039437
50.22655331433725 86.47134405201551
49.54586684324075 86.86315144381913
48.8621241496955 87.24960070727971
48.17536741017152 87.63066800438637
47.48563898705945 88.0063298291132
46.79298142605733 88.37656300886934
46.097437453546235 88.74134470592833
45.39904997395468 89.10065241883677
44.69786206711212 89.4544639838025
43.99391698559151 89.80275757606157
43.28725815204139 90.14551171122457
42.57792915650727 90.48270524660195
41.865973753742814 90.81431738250812
41.15143586051089 91.14032766354453
40.4343595528745 91.46071597986136
39.71478906347806 91.77546256839811
38.99276877881883 92.08454801410262
38.26834323650898 92.38795325112868
37.54155712252831 92.68565956401208
36.81245526846781 92.97764858882513
36.08108264876417 93.2639023143094
35.34748437792572 93.54440308298673
34.6117057077493 93.81913359224842
33.873792024529145 94.08807689542255
33.13378884625711 94.35121640281935
32.39174181981494 94.60853588275452
31.647696718158613 94.86001946255045
30.901699437494745 95.10565162951535
30.153795994449577 95.34541723190011
29.404032523230413 95.579301479833
28.652455272779846 95.8072899462319
27.89911060392295 96.02936856769429
27.144044986507453 96.24552364536471
26.387304996537274 96.45574184577981
25.628937313299655 96.66001020169074
24.868988716485475 96.85831611286311
24.107506083303868 97.05064734685425
23.344536385590548 97.23699203976766
22.58012668691038 97.41733869698493
21.81432413965427 97.59167619387473
21.047175982130582 97.75999377647906
20.278729535651273 97.92228106217658
19.509032201612854 98.07852804032305
18.738131458572475 98.22872507286885
17.96607485931925 98.3728628949536
17.192910027940954 98.5109326154774
16.418684656886295 98.64292571764955
15.643446504023093 98.76883405951378
14.867243389692309 98.88864987445045
14.09012319375828 99.00236577165575
13.312133852655256 99.10997473659748
12.533323356430447 99.21147013144778
11.75373974578377 99.30684569549263
10.973431109104537 99.39609554551797
10.192445579504996 99.47921417617265
9.410831331851428 99.556196460308
8.628636579792339 99.62703764929412
7.8459095727845 99.6917333733128
7.062698593116679 99.750279641627
6.279051952931352 99.80267284282715
5.495017991244594 99.84890974505379
4.710645070964268 99.888987496197
3.9259815759068664 99.92290362407229
3.1410759078128394 99.95065603657316
2.3559764833610304 99.97224302180005
1.5707317311820648 99.98766324816606
0.7853900888711349 99.99691576447897
6.123233995736766e-15 100.0
-0.7853900888711228 99.99691576447897
-1.5707317311820526 99.98766324816606
-2.355976483361018 99.97224302180005
-3.141075907812828 99.95065603657316
-3.925981575906855 99.92290362407229
-4.710645070964255 99.888987496197
-5.495017991244559 99.84890974505379
-6.27905195293134 99.80267284282715
-7.062698593116666 99.750279641627
-7.845909572784487 99.6917333733128
-8.628636579792328 99.62703764929412
-9.410831331851439 99.556196460308
-10.192445579505007 99.47921417617265
-10.973431109104524 99.39609554551797
-11.753739745783758 99.30684569549263
-12.533323356430415 99.21147013144778
-13.31213385265522 99.10997473659748
-14.090123193758247 99.00236577165576
-14.867243389692298 98.88864987445046
-15.643446504023082 98.76883405951378
-16.418684656886303 98.64292571764955
-17.19291002794096 98.51093261547739
-17.966074859319257 98.37286289495358
-18.73813145857246 98.22872507286887
-19.50903220161282 98.07852804032305
-20.278729535651237 97.92228106217658
-21.04717598213055 97.75999377647906
-21.814324139654236 97.59167619387475
-22.580126686910347 97.41733869698493
-23.344536385590555 97.23699203976766
-24.107506083303875 97.05064734685425
-24.868988716485486 96.85831611286311
-25.628937313299666 96.66001020169072
-26.387304996537285 96.45574184577981
-27.14404498650742 96.24552364536473
-27.899110603922917 96.0293685676943
-28.652455272779815 95.80728994623192
-29.404032523230377 95.57930147983302
-30.153795994449546 95.34541723190013
-30.901699437494713 95.10565162951536
-31.64769671815862 94.86001946255045
-32.391741819814946 94.60853588275452
-33.1337888462571 94.35121640281936
-33.87379202452914 94.08807689542255
-34.61170570774929 93.81913359224842
-35.3474843779257 93.54440308298673
-36.08108264876416 93.26390231430942
-36.81245526846777 92.97764858882515
-37.54155712252828 92.68565956401208
-38.26834323650895 92.38795325112868
-38.992768778818835 92.08454801410262
-39.714789063478065 91.77546256839811
-40.4343595528745 91.46071597986135
-41.15143586051088 91.14032766354453
-41.86597375374282 90.81431738250812
-42.577929156507274 90.48270524660195
-43.287258152041396 90.14551171122457
-43.99391698559151 89.80275757606157
-44.69786206711211 89.45446398380251
-45.399049973954675 89.10065241883679
-46.09743745354623 88.74134470592833
-46.792981426057324 88.37656300886934
-47.48563898705948 88.00632982911318
-48.175367410171546 87.63066800438635
-48.862124149695504 87.24960070727971
-49.54586684324076 86.86315144381912
-50.22655331433725 86.47134405201551
-50.90414157503713 86.07420270039437
-51.57858982850474 85.67175188650496
-52.24985647159488 85.26401643540923
-52.91790009741904 84.85102149815037
-53.58267949789969 84.4327925502015
-54.24415366631189 84.00935538989418
-54.90228179981319 83.58073613682701
-55.55702330196023 83.14696123025452
-56.20833778521307 82.70805742745617
-56.8561850734264 82.26405180208599
-57.50052520432786 81.81497174250234
-58.14131843198306 81.3608449500787
-58.7785252292473 80.90169943749474
-59.41210629020384 80.43756352700846
-60.04202253258839 79.96846584870906
-60.668235100199986 79.49443533875099
-61.29070536529766 79.01550123756903
-61.90939493098341 78.53169308807449
-62.52426563357052 78.04304073383297
-63.135279544937774 77.54957431722345
-63.742398974868976 77.05132427757893
-64.34558647337789 76.54832134930881
-64.94480483301835 76.0405965600031
-65.54001709117938 75.52818122851836
-66.13118653236518 75.01110696304596
-66.71827669045996 74.48940565916222
-67.30125135097734 73.96310949786096
-67.8800745532942 73.43225094356855
-68.45471059286888 72.89686274214114
-69.02512402344372 72.35697791884493
-69.59127965923143 71.81262977631889
-70.15314257708557 71.26385189252055
-70.71067811865474 70.71067811865476
-71.26385189252052 70.15314257708557
-71.81262977631887 69.59127965923145
-72.3569779188449 69.02512402344372
-72.89686274214114 68.45471059286888
-73.43225094356856 67.88007455329416
-73.96310949786097 67.30125135097734
-74.4894056591622 66.71827669045996
-75.01110696304595 66.13118653236518
-75.52818122851835 65.5400170911794
-76.0405965600031 64.94480483301838
-76.54832134930881 64.3455864733779
-77.05132427757891 63.74239897486898
-77.54957431722343 63.13527954493778
-78.04304073383295 62.52426563357054
-78.53169308807449 61.90939493098339
-79.01550123756904 61.29070536529764
-79.494435338751 60.668235100199965
-79.96846584870904 60.042022532588405
-80.43756352700845 59.41210629020386
-80.90169943749473 58.77852522924732
-81.36084495007869 58.141318431983066
-81.81497174250232 57.50052520432787
-82.26405180208597 56.85618507342641
-82.70805742745615 56.20833778521308
-83.1469612302545 55.55702330196025
-83.580736136827 54.9022817998132
-84.0093553898942 54.24415366631188
-84.43279255020148 53.5826794978997
-84.85102149815036 52.91790009741907
-85.26401643540919 52.24985647159494
-85.67175188650495 51.57858982850476
-86.07420270039438 50.90414157503711
-86.4713440520155 50.22655331433727
-86.86315144381913 49.54586684324074
-87.2496007072797 48.862124149695525
-87.63066800438637 48.17536741017152
-88.00632982911317 47.485638987059495
-88.37656300886934 46.79298142605734
-88.7413447059283 46.09743745354628
-89.10065241883677 45.39904997395469
-89.45446398380248 44.69786206711216
-89.80275757606155 43.99391698559153
-90.14551171122459 43.287258152041375
-90.48270524660194 42.57792915650729
-90.81431738250814 41.8659737537428
-91.14032766354451 41.15143586051091
-91.46071597986136 40.4343595528745
-91.7754625683981 39.71478906347811
-92.08454801410262 38.99276877881883
-92.38795325112865 38.268343236509025
-92.68565956401208 37.54155712252832
-92.97764858882513 36.812455268467815
-93.2639023143094 36.0810826487642
-93.54440308298673 35.347484377925696
-93.8191335922484 34.61170570774933
-94.08807689542255 33.87379202452913
-94.35121640281935 33.13378884625714
-94.60853588275452 32.391741819814946
-94.86001946255045 31.647696718158656
-95.10565162951535 30.901699437494752
-95.34541723190011 30.153795994449585
-95.579301479833 29.404032523230416
-95.80728994623192 28.652455272779807
-96.02936856769429 27.899110603922956
-96.24552364536473 27.144044986507414
-96.4557418457798 26.387304996537324
-96.66001020169072 25.62893731329966
-96.8583161128631 24.868988716485525
-97.05064734685425 24.10750608330387
-97.23699203976766 23.34453638559055
-97.41733869698493 22.580126686910383
-97.59167619387473 21.814324139654275
-97.75999377647906 21.04717598213059
-97.92228106217658 20.278729535651234
-98.07852804032305 19.50903220161286
-98.22872507286887 18.738131458572457
-98.37286289495358 17.9660748593193
-98.51093261547739 17.192910027940957
-98.64292571764955 16.418684656886303
-98.76883405951376 15.643446504023098
-98.88864987445045 14.867243389692314
-99.00236577165575 14.090123193758286
-99.10997473659748 13.312133852655261
-99.21147013144778 12.533323356430454
-99.30684569549263 11.753739745783754
-99.39609554551797 10.973431109104565
-99.47921417617265 10.192445579505002
-99.556196460308 9.410831331851435
-99.62703764929412 8.628636579792346
-99.6917333733128 7.845909572784507
-99.750279641627 7.062698593116684
-99.80267284282715 6.279051952931358
-99.84890974505379 5.4950179912446
-99.88898749619699 4.710645070964295
-99.92290362407229 3.925981575906895
-99.95065603657316 3.141075907812824
-99.97224302180005 2.3559764833610144
-99.98766324816606 1.570731731182071
-99.99691576447897 0.7853900888711413
-100.0 1.2246467991473532e-14
-99.99691576447897 -0.7853900888711166
-99.98766324816606 -1.5707317311820463
-99.97224302180005 -2.3559764833609895
-99.95065603657316 -3.1410759078127994
-99.92290362407229 -3.9259815759068264
-99.888987496197 -4.710645070964271
-99.84890974505379 -5.495017991244575
-99.80267284282715 -6.279051952931335
-99.75027964162702 -7.062698593116661
-99.6917333733128 -7.845909572784482
-99.62703764929412 -8.628636579792321
-99.556196460308 -9.41083133185141
-99.47921417617265 -10.192445579504978
-99.39609554551797 -10.973431109104496
-99.30684569549263 -11.753739745783774
-99.21147013144778 -12.53332335643043
-99.10997473659748 -13.312133852655236
-99.00236577165575 -14.090123193758261
-98.88864987445046 -14.867243389692291
-98.76883405951378 -15.643446504023073
-98.64292571764956 -16.418684656886278
-98.5109326154774 -17.192910027940933
-98.3728628949536 -17.966074859319228
-98.22872507286885 -18.738131458572475
-98.07852804032305 -19.50903220161279
-97.92228106217658 -20.27872953565125
-97.75999377647906 -21.047175982130568
-97.59167619387475 -21.81432413965425
-97.41733869698493 -22.580126686910358
-97.23699203976767 -23.344536385590526
-97.05064734685425 -24.107506083303846
-96.85831611286312 -24.868988716485458
-96.66001020169072 -25.628937313299684
-96.45574184577981 -26.38730499653726
-96.24552364536473 -27.14404498650743
-96.02936856769432 -27.89911060392289
-95.80728994623192 -28.652455272779832
-95.579301479833 -29.404032523230388
-95.34541723190013 -30.15379599444956
-95.10565162951536 -30.901699437494727
-94.86001946255047 -31.647696718158592
-94.60853588275452 -32.39174181981496
-94.35121640281938 -33.133788846257076
-94.08807689542255 -33.873792024529145
-93.81913359224842 -34.611705707749266
-93.54440308298673 -35.34748437792572
-93.26390231430943 -36.08108264876414
-92.97764858882515 -36.812455268467794
-92.68565956401208 -37.541557122528296
-92.38795325112868 -38.26834323650897
-92.08454801410262 -38.992768778818856
-91.77546256839813 -39.71478906347804
-91.46071597986135 -40.43435955287452
-91.14032766354454 -41.15143586051085
-90.81431738250812 -41.865973753742814
-90.48270524660197 -42.577929156507224
-90.14551171122457 -43.28725815204139
-89.80275757606158 -43.99391698559147
-89.45446398380251 -44.697862067112105
-89.10065241883677 -45.39904997395471
-88.74134470592833 -46.09743745354622
-88.37656300886934 -46.79298142605736
-88.00632982911321 -47.48563898705944
-87.63066800438637 -48.17536741017154
-87.24960070727973 -48.86212414969546
-86.86315144381912 -49.54586684324075
-86.47134405201552 -50.22655331433721
-86.07420270039437 -50.90414157503712
-85.67175188650499 -51.5785898285047
-85.26401643540923 -52.24985647159487
-84.85102149815036 -52.91790009741908
-84.43279255020151 -53.58267949789964
-84.00935538989418 -54.24415366631189
-83.58073613682704 -54.902281799813146
-83.14696123025452 -55.55702330196023
-82.70805742745621 -56.208337785213025
-82.26405180208599 -56.85618507342639
-81.81497174250238 -57.500525204327815
-81.3608449500787 -58.141318431983045
-80.90169943749478 -58.77852522924727
-80.43756352700846 -59.41210629020384
-79.96846584870903 -60.042022532588426
-79.49443533875102 -60.668235100199944
-79.01550123756903 -61.29070536529766
-78.53169308807452 -61.909394930983375
-78.04304073383297 -62.52426563357052
-77.54957431722347 -63.13527954493774
-77.05132427757893 -63.74239897486896
-76.54832134930885 -64.34558647337785
-76.04059656000311 -64.94480483301835
-75.52818122851835 -65.54001709117941
-75.01110696304598 -66.13118653236518
-74.48940565916219 -66.71827669045997
-73.96310949786098 -67.30125135097731
-73.43225094356856 -67.88007455329418
-72.8968627421412 -68.45471059286884
-72.35697791884493 -69.02512402344372
-71.81262977631891 -69.5912796592314
-71.26385189252055 -70.15314257708556
-70.71067811865478 -70.71067811865471
-70.15314257708557 -71.26385189252052
-69.59127965923142 -71.81262977631889
-69.02512402344374 -72.3569779188449
-68.45471059286886 -72.89686274214115
-67.88007455329421 -73.43225094356853
-67.30125135097734 -73.96310949786097
-66.71827669046 -74.48940565916217
-66.13118653236519 -75.01110696304595
-65.54001709117944 -75.52818122851832
-64.94480483301834 -76.04059656000311
-64.34558647337792 -76.54832134930881
-63.742398974868955 -77.05132427757894
-63.135279544937795 -77.54957431722343
-62.52426563357051 -78.04304073383298
-61.90939493098343 -78.53169308807448
-61.29070536529765 -79.01550123756904
-60.668235100199944 -79.49443533875103
-60.04202253258841 -79.96846584870904
-59.41210629020382 -80.43756352700846
-58.77852522924732 -80.90169943749473
-58.14131843198304 -81.36084495007871
-57.50052520432788 -81.81497174250232
-56.85618507342638 -82.26405180208599
-56.20833778521309 -82.70805742745615
-55.557023301960214 -83.14696123025452
-54.90228179981314 -83.58073613682706
-54.24415366631188 -84.0093553898942
-53.58267949789963 -84.43279255020153
-52.91790009741907 -84.85102149815036
-52.24985647159486 -85.26401643540925
-51.57858982850476 -85.67175188650495
-50.90414157503711 -86.07420270039438
-50.22655331433727 -86.47134405201548
-49.545866843240745 -86.86315144381913
-48.862124149695454 -87.24960070727974
-48.175367410171525 -87.63066800438637
-47.48563898705942 -88.00632982911321
-46.792981426057345 -88.37656300886934
-46.097437453546206 -88.74134470592834
-45.39904997395469 -89.10065241883677
-44.69786206711209 -89.45446398380253
-43.99391698559153 -89.80275757606155
-43.28725815204138 -90.14551171122459
-42.57792915650722 -90.48270524660198
-41.8659737537428 -90.81431738250814
-41.15143586051084 -91.14032766354454
-40.434359552874504 -91.46071597986135
-39.71478906347803 -91.77546256839813
-38.992768778818835 -92.08454801410262
-38.26834323650895 -92.38795325112868
-37.541557122528324 -92.68565956401207
-36.81245526846778 -92.97764858882515
-36.08108264876421 -93.2639023143094
-35.3474843779257 -93.54440308298673
-34.61170570774925 -93.81913359224842
-33.87379202452914 -94.08807689542255
-33.13378884625706 -94.35121640281938
-32.39174181981495 -94.60853588275452
-31.64769671815858 -94.86001946255047
-30.901699437494756 -95.10565162951535
-30.153795994449546 -95.34541723190013
-29.404032523230423 -95.579301479833
-28.652455272779818 -95.80728994623192
-27.89911060392296 -96.02936856769429
-27.14404498650742 -96.24552364536473
-26.387304996537246 -96.45574184577981
-25.628937313299666 -96.66001020169072
-24.868988716485443 -96.85831611286312
-24.10750608330388 -97.05064734685425
-23.344536385590516 -97.23699203976767
-22.58012668691039 -97.41733869698493
-21.814324139654236 -97.59167619387475
-21.047175982130597 -97.75999377647906
-20.278729535651237 -97.92228106217658
-19.509032201612868 -98.07852804032304
-18.738131458572465 -98.22872507286887
-17.966074859319214 -98.3728628949536
-17.192910027940965 -98.51093261547739
-16.418684656886263 -98.64292571764956
-15.643446504023103 -98.76883405951376
-14.867243389692279 -98.88864987445046
-14.090123193758291 -99.00236577165575
-13.312133852655222 -99.10997473659748
-12.53332335643046 -99.21147013144778
-11.75373974578376 -99.30684569549263
-10.973431109104572 -99.39609554551797
-10.192445579505009 -99.47921417617265
-9.410831331851396 -99.556196460308
-8.628636579792351 -99.62703764929412
-7.845909572784468 -99.6917333733128
-7.062698593116691 -99.750279641627
-6.2790519529313205 -99.80267284282715
-5.495017991244606 -99.84890974505379
-4.710645070964257 -99.888987496197
-3.9259815759069014 -99.92290362407229
-3.14107590781283 -99.95065603657316
-2.3559764833610646 -99.97224302180005
-1.570731731182077 -99.98766324816606
-0.7853900888711028 -99.99691576447897
-1.8369701987210297e-14 -100.0
0.7853900888711549 -99.99691576447897
1.5707317311820401 -99.98766324816606
2.3559764833610277 -99.97224302180005
3.141075907812793 -99.95065603657316
3.9259815759068646 -99.92290362407229
4.710645070964221 -99.888987496197
5.49501799124457 -99.84890974505379
6.279051952931283 -99.80267284282715
7.062698593116654 -99.75027964162702
7.845909572784521 -99.6917333733128
8.628636579792314 -99.62703764929412
9.41083133185145 -99.556196460308
10.192445579504971 -99.47921417617265
10.973431109104535 -99.39609554551797
11.753739745783724 -99.30684569549263
12.533323356430422 -99.21147013144778
13.312133852655187 -99.10997473659748
14.090123193758256 -99.00236577165575
14.867243389692328 -98.88864987445045
15.643446504023068 -98.76883405951378
16.418684656886313 -98.64292571764955
17.19291002794093 -98.5109326154774
17.966074859319267 -98.37286289495358
18.738131458572425 -98.22872507286887
19.50903220161283 -98.07852804032305
20.278729535651202 -97.92228106217658
21.04717598213056 -97.75999377647906
21.8143241396542 -97.59167619387476
22.580126686910354 -97.41733869698493
23.344536385590565 -97.23699203976766
24.107506083303843 -97.05064734685426
24.868988716485493 -96.85831611286311
25.628937313299634 -96.66001020169074
26.387304996537296 -96.45574184577981
27.14404498650739 -96.24552364536474
27.89911060392292 -96.0293685676943
28.652455272779783 -95.80728994623193
29.404032523230384 -95.579301479833
30.15379599444951 -95.34541723190014
30.901699437494724 -95.10565162951536
31.64769671815863 -94.86001946255045
32.39174181981491 -94.60853588275454
33.13378884625711 -94.35121640281935
33.8737920245291 -94.08807689542256
34.6117057077493 -93.81913359224842
35.34748437792567 -93.54440308298675
36.08108264876417 -93.2639023143094
36.812455268467744 -92.97764858882516
37.54155712252829 -92.68565956401208
38.26834323650892 -92.38795325112869
38.99276877881881 -92.08454801410262
39.714789063477994 -91.77546256839815
40.43435955287455 -91.46071597986133
41.15143586051088 -91.14032766354453
41.86597375374277 -90.81431738250815
42.57792915650718 -90.482705246602
43.28725815204143 -90.14551171122456
43.993916985591504 -89.80275757606157
44.69786206711206 -89.45446398380254
45.39904997395458 -89.10065241883683
46.097437453546256 -88.74134470592831
46.79298142605731 -88.37656300886935
47.48563898705939 -88.00632982911323
48.175367410171575 -87.63066800438634
48.8621241496955 -87.24960070727971
49.54586684324071 -86.86315144381915
50.22655331433717 -86.47134405201555
50.90414157503715 -86.07420270039434
51.578589828504725 -85.67175188650498
52.24985647159484 -85.26401643540925
52.917900097418965 -84.85102149815043
53.582679497899676 -84.4327925502015
54.244153666311846 -84.0093553898942
54.9022817998131 -83.58073613682707
55.557023301960264 -83.1469612302545
56.20833778521306 -82.70805742745618
56.856185073426346 -82.26405180208602
57.50052520432778 -81.8149717425024
58.14131843198308 -81.36084495007869
58.77852522924729 -80.90169943749476
59.412106290203795 -80.43756352700849
60.04202253258831 -79.96846584870913
60.66823510019997 -79.494435338751
61.29070536529761 -79.01550123756907
61.90939493098333 -78.53169308807455
62.52426563357055 -78.04304073383295
63.13527954493776 -77.54957431722345
63.742398974868934 -77.05132427757896
64.34558647337781 -76.54832134930888
64.9448048330184 -76.04059656000308
65.54001709117937 -75.52818122851838
66.13118653236512 -75.011106963046
66.71827669045994 -74.48940565916223
67.30125135097734 -73.96310949786097
67.88007455329415 -73.43225094356858
68.45471059286879 -72.89686274214121
69.02512402344374 -72.3569779188449
69.59127965923142 -71.81262977631889
70.15314257708553 -71.26385189252058
70.71067811865468 -70.71067811865484
71.26385189252055 -70.15314257708556
71.81262977631886 -69.59127965923145
72.35697791884488 -69.02512402344378
72.89686274214112 -68.45471059286889
73.43225094356856 -67.88007455329416
73.96310949786094 -67.30125135097737
74.48940565916213 -66.71827669046004
75.01110696304598 -66.13118653236516
75.52818122851835 -65.54001709117941
76.04059656000305 -64.94480483301841
76.54832134930881 -64.34558647337792
77.05132427757894 -63.74239897486896
77.54957431722343 -63.135279544937795
78.04304073383292 -62.524265633570586
78.53169308807452 -61.90939493098336
79.01550123756903 -61.29070536529765
79.49443533875098 -60.66823510020001
79.96846584870899 -60.04202253258849
80.43756352700846 -59.41210629020384
80.90169943749473 -58.778525229247336
81.36084495007866 -58.141318431983116
81.81497174250232 -57.50052520432788
82.26405180208599 -56.85618507342639
82.70805742745615 -56.20833778521309
83.14696123025446 -55.55702330196029
83.58073613682706 -54.90228179981314
84.00935538989418 -54.24415366631188
84.43279255020147 -53.58267949789971
84.85102149815036 -52.91790009741908
85.26401643540923 -52.24985647159487
85.67175188650495 -51.57858982850476
86.07420270039434 -50.9041415750372
86.47134405201548 -50.22655331433729
86.86315144381913 -49.54586684324075
87.2496007072797 -48.86212414969553
87.63066800438631 -48.17536741017161
88.00632982911321 -47.485638987059424
88.37656300886934 -46.79298142605735
88.7413447059283 -46.09743745354629
89.10065241883677 -45.399049973954696
89.45446398380251 -44.69786206711209
89.80275757606155 -43.99391698559154
90.14551171122453 -43.28725815204147
90.48270524660194 -42.5779291565073
90.81431738250812 -41.86597375374281
91.14032766354451 -41.15143586051092
91.46071597986135 -40.43435955287451
91.77546256839813 -39.71478906347804
92.08454801410262 -38.99276877881884
92.38795325112865 -38.26834323650904
92.68565956401207 -37.54155712252833
92.97764858882515 -36.81245526846779
93.2639023143094 -36.08108264876421
93.5444030829867 -35.347484377925795
93.81913359224839 -34.61170570774934
94.08807689542255 -33.873792024529145
94.35121640281933 -33.13378884625715
94.60853588275452 -32.39174181981495
94.86001946255047 -31.647696718158585
95.10565162951535 -30.901699437494766
95.3454172319001 -30.153795994449638
95.579301479833 -29.404032523230427
95.80728994623192 -28.652455272779825
96.02936856769429 -27.899110603922967
96.24552364536473 -27.144044986507428
96.4557418457798 -26.387304996537335
96.66001020169072 -25.628937313299673
96.8583161128631 -24.868988716485536
97.05064734685425 -24.107506083303885
97.23699203976767 -23.34453638559052
97.41733869698493 -22.580126686910397
97.59167619387472 -21.81432413965433
97.75999377647906 -21.047175982130604
97.92228106217658 -20.278729535651248
98.07852804032304 -19.50903220161287
98.22872507286887 -18.738131458572468
98.37286289495358 -17.96607485931931
98.51093261547739 -17.192910027940968
98.64292571764953 -16.418684656886356
98.76883405951376 -15.643446504023109
98.88864987445046 -14.867243389692284
99.00236577165575 -14.0901231937583
99.10997473659748 -13.312133852655228
99.21147013144778 -12.533323356430465
99.30684569549263 -11.753739745783767
99.39609554551797 -10.973431109104578
99.47921417617265 -10.192445579505014
99.556196460308 -9.41083133185149
99.62703764929412 -8.628636579792358
99.6917333733128 -7.845909572784563
99.750279641627 -7.062698593116696
99.80267284282715 -6.279051952931327
99.84890974505379 -5.495017991244612
99.888987496197 -4.710645070964263
99.92290362407229 -3.9259815759069077
99.95065603657316 -3.1410759078128363
99.97224302180005 -2.355976483361071
99.98766324816606 -1.5707317311820832
99.99691576447897 -0.7853900888711978
